-97.9628 56.5589 0 -120.852 91 -0.109727
-95.0992 29.0747 0 -117 50.988 -0.0702113
-98.4625 -1.71867 0 -119.556 8.988 -0.0537477
-108.566 -14.2929 0 -127.278 -24.99 -0.0134369
-118.618 -34.0132 0 -127.278 -64.988 0.0537477
-62.6731 -39.9272 0 -77.13 -59.99 0.0702113
-68.9189 -14.6492 0 -81 -22.988 0.0205312
-63.6295 14.1063 0 -78.426 24.99 -0.0537477
-65.8042 46.0766 0 -78.426 67.998 -0.0888711
-67.8346 80.8422 0 -78.426 116.998 -0.13278
-26.3974 72.5263 0 -24.426 117.992 -0.0793044
-29.6186 46.4919 0 -25.704 66.99 -0.0617383
-35.4257 -33.035 0 -26.982 -70.994 0.0537477
-38.8699 -64.6904 0 -30.852 -119.994 0.121026
-126.819 16.696 0 -154.278 25.998 -0.0793044
-96.6938 17.0497 0 -119.556 23.996 -0.0617383
-124.603 24.2204 0 -149.13 52.99 -0.0793044
-132.833 -25.8201 0 -155.556 -17.99 -0.0990669
-93.9221 -23.4174 0 -113.13 -17.99 -0.033195
-135.912 -17.8932 0 -149.13 -43.988 -0.0463685
