0 -60.3091 0 12.906 -85.652 -0.0299538
0 -48.0884 0 15.48 -69.104 -0.0299538
0 -16.5456 0 29.034 -36.022 -0.0407704
10.8833 -102.532 0 31.122 -136.444 -0.0532512
64.1969 -17.9915 0 88.848 -40.754 -0.0832824
113.963 -24.7745 0 132.894 -39.578 -0.0832824
59.1518 62.014 0 91.89 67.928 0.0133128
164.797 12.9702 0 180 44.296 0.0208012
133.76 26 0 160.704 29.988 0.0222178
149.59 61.964 0 159.426 77 0.0463685
170.47 79.491 0 159.426 119.994 0.0793044
83.943 90.018 0 88.704 119 0.0537477
67.824 63.247 0 88.704 75.992 0.0222178
58.079 33.532 0 90 35.994 0.0024642
12.739 90.645 0 34.704 105.994 0.000272322
18.767 48.89 0 33.426 65.996 0.00109816
113.29 -13.911 0 142.704 -31.99 -0.0793044
118.97 -58.026 0 147.852 -74.998 -0.0793044
127.41 -89.212 0 150.426 -112.994 -0.0990669
74.855 -86.11 0 90 -110.992 -0.0888711
59.89 -49.369 0 88.704 -67.998 -0.0793044
53.732 -6.5974 0 86.13 -26.992 -0.0702113
18.494 -80.106 0 32.13 -107.996 -0.0537477
-7.5922 -43.058 0 30.852 -63.994 -0.027454
